118010478
118010479
118010480
118010482
118010483
118010485
118010486
118010487
118010489
118010494
118010497
118010498
118010499
118010500
118010504
118010505
118010507
118010285
118010286
118010249
118010070
118010089
118010390
115020172
118010196
118010189
118010203
118010183
118010188
118010186
118010202
118010199
118010146
118010475
118010210
118010209
118010378
118010216
118010334
118010454
118010460
118010461
118010462
118010452
118010456
118010275
118010377
118010131
118010266
118010265
118010264
118010261
118010044
118010473
118010472
118010425
118010408
118010431
118010426
118010409
117020373
118010235
118010234
118010354
118010385
117020343
118010006
118010007
118010469
118010465
118010464
117020421
118010138
118010149
118010148
118010155
118010139
118010157
118010135
118010161
118010158
118010366
118010364
118010368
118010171
118010176
118010178
118010175
118010164
118010162
118010054
118010222
118010225
118010115
118010119
118010298
118010256
118010096
118010238
118010232
118010227
118010316
118010294
118010303
118010315
118010305
118010306
118010302
118010289
118010287
118010300
118010319
118010307
118010254
118010245
118010041
118010282
118010283
118010112
118010211
118010213
118010443
118010101
118010100
117020103
118010389
118010398
118010350
118010271
118010272
118010434
118010435
118010436
118010442
118010268
118010247
118010253
118010444
118010446
118010445
117020406
118010087
118010080
118010082
118010122
118010451
118010240
118010243
118010242
